000001.jpg
1 197 816 114 263 0.85 person
2 1474 644 71 198 0.78 person
3 347 820 105 259 0.74 person
4 408 788 81 281 0.72 person
5 667 682 98 210 0.69 person
6 1591 676 97 225 0.67 person
7 1168 602 60 209 0.65 person
8 1024 611 64 180 0.63 person
9 763 692 85 199 0.62 person
10 1668 675 71 183 0.61 person
11 961 608 57 182 0.56 person
12 867 533 47 142 0.53 person
13 1369 1025 75 54 0.48 person
14 1660 829 91 249 0.47 person
15 1435 622 49 162 0.40 person
16 1445 503 45 74 0.27 person
000002.jpg
1 200 815 115 264 0.85 person
2 666 683 97 216 0.73 person
3 348 820 106 258 0.73 person
4 407 785 82 279 0.70 person
5 1473 644 69 198 0.69 person
6 1661 824 93 254 0.69 person
7 1583 675 100 228 0.65 person
8 1029 606 62 185 0.60 person
9 1170 603 58 193 0.59 person
10 763 691 85 200 0.56 person
11 961 608 56 186 0.55 person
12 867 532 47 147 0.54 person
13 1664 676 66 174 0.52 person
14 1659 678 76 221 0.44 person
15 1373 1028 73 51 0.43 person
16 1436 617 54 162 0.36 person
17 1294 378 273 128 0.28 umbrella
18 1445 506 43 72 0.27 person
